#  STEADY FLOW TEST DATA                           
#  alpha =   3.0000
#  Mach  =   0.0000
#  Reyn  = 10000000
#  Ncrit =   9.0000
#
#    x           hk
   0.16782E-02   2.2295    
   0.11051E-02   2.2284    
   0.65727E-03   2.2092    
   0.32858E-03   2.2759    
   0.11636E-03   2.1940    
   0.13010E-04   2.2491    
   0.12701E-04   2.2066    
   0.11676E-03   2.2577    
   0.33018E-03   2.2360    
   0.65902E-03   2.2298    
   0.11081E-02   2.2505    
   0.16818E-02   2.2664    
   0.23832E-02   2.2479    
   0.32145E-02   2.3054    
   0.41765E-02   2.2651    
   0.52697E-02   2.3223    
   0.64943E-02   2.3165    
   0.78503E-02   2.3271    
   0.93388E-02   2.3564    
   0.10960E-01   2.3661    
   0.12717E-01   2.3823    
   0.14612E-01   2.4188    
   0.16648E-01   2.4224    
   0.18830E-01   2.4288    
   0.21165E-01   2.4730    
   0.23660E-01   2.4699    
   0.26325E-01   2.5114    
   0.29171E-01   2.5369    
   0.32209E-01   2.5340    
   0.35456E-01   2.5682    
   0.38928E-01   2.5918    
   0.42643E-01   2.6065    
   0.46626E-01   2.6492    
   0.50900E-01   2.6441    
   0.55493E-01   2.6825    
   0.60436E-01   2.7299    
   0.65763E-01   2.7311    
   0.71510E-01   2.7591    
   0.77715E-01   2.7938    
   0.84417E-01   2.8156    
   0.91653E-01   2.8463    
   0.99459E-01   2.8843    
   0.10786       2.9014    
   0.11688       2.9190    
   0.12652       2.8235    
   0.13677       1.7215    
   0.14763       1.4583    
   0.15904       1.4060    
   0.17098       1.4039    
   0.18339       1.4065    
   0.19622       1.4057    
   0.20942       1.4042    
   0.22294       1.4014    
   0.23675       1.3980    
   0.25079       1.3955    
   0.26504       1.3926    
   0.27947       1.3899    
   0.29406       1.3882    
   0.30878       1.3857    
   0.32363       1.3842    
   0.33857       1.3826    
   0.35362       1.3813    
   0.36874       1.3796    
   0.38394       1.3789    
   0.39921       1.3776    
   0.41453       1.3767    
   0.42991       1.3759    
   0.44534       1.3753    
   0.46082       1.3745    
   0.47634       1.3741    
   0.49190       1.3736    
   0.50749       1.3733    
   0.52311       1.3729    
   0.53876       1.3729    
   0.55444       1.3727    
   0.57015       1.3728    
   0.58588       1.3729    
   0.60163       1.3730    
   0.61740       1.3734    
   0.63319       1.3738    
   0.64900       1.3743    
   0.66482       1.3751    
   0.68066       1.3759    
   0.69651       1.3770    
   0.71237       1.3780    
   0.72824       1.3795    
   0.74411       1.3811    
   0.75998       1.3830    
   0.77586       1.3853    
   0.79172       1.3879    
   0.80755       1.3910    
   0.82335       1.3945    
   0.83908       1.3988    
   0.85471       1.4038    
   0.87019       1.4098    
   0.88543       1.4172    
   0.90036       1.4260    
   0.91489       1.4372    
   0.92886       1.4508    
   0.94208       1.4681    
   0.95439       1.4899    
   0.96572       1.5174    
   0.97612       1.5536    
   0.98568       1.6022    
   0.99449       1.6727    
    1.0000       1.7820    
    1.0001       1.7305    
    1.0057       1.5990    
    1.0120       1.5373    
    1.0191       1.4890    
    1.0271       1.4494    
    1.0362       1.4153    
    1.0465       1.3849    
    1.0582       1.3573    
    1.0713       1.3315    
    1.0862       1.3072    
    1.1031       1.2840    
    1.1221       1.2617    
    1.1437       1.2402    
    1.1680       1.2196    
    1.1956       1.1997    
    1.2268       1.1807    
    1.2620       1.1627    
    1.3019       1.1458    
    1.3470       1.1300    
    1.3980       1.1155    
    1.4556       1.1022    
    1.5209       1.0903    
    1.5946       1.0796    
    1.6780       1.0702    
    1.7724       1.0619    
    1.8791       1.0548    
    1.9997       1.0486    

   0.23793E-02   2.2295    
   0.32100E-02   2.2410    
   0.41713E-02   2.2259    
   0.52642E-02   2.2468    
   0.64886E-02   2.2467    
   0.78447E-02   2.2714    
   0.93330E-02   2.2328    
   0.10954E-01   2.3129    
   0.12711E-01   2.2366    
   0.14605E-01   2.3096    
   0.16641E-01   2.2702    
   0.18823E-01   2.3243    
   0.21158E-01   2.2899    
   0.23653E-01   2.3225    
   0.26318E-01   2.3252    
   0.29163E-01   2.3346    
   0.32202E-01   2.3465    
   0.35448E-01   2.3550    
   0.38920E-01   2.3557    
   0.42636E-01   2.3663    
   0.46618E-01   2.3893    
   0.50892E-01   2.3805    
   0.55485E-01   2.3971    
   0.60428E-01   2.3999    
   0.65754E-01   2.4198    
   0.71501E-01   2.4292    
   0.77706E-01   2.4301    
   0.84408E-01   2.4451    
   0.91644E-01   2.4579    
   0.99449E-01   2.4603    
   0.10785       2.4760    
   0.11687       2.4846    
   0.12651       2.4898    
   0.13676       2.5081    
   0.14761       2.5093    
   0.15903       2.5302    
   0.17097       2.5328    
   0.18338       2.5474    
   0.19621       2.5528    
   0.20941       2.5673    
   0.22293       2.5749    
   0.23673       2.5853    
   0.25078       2.5983    
   0.26503       2.5988    
   0.27946       2.6187    
   0.29404       2.6226    
   0.30877       2.6363    
   0.32361       2.6470    
   0.33856       2.6544    
   0.35360       2.6622    
   0.36872       2.6794    
   0.38392       2.6837    
   0.39919       2.7013    
   0.41451       2.7074    
   0.42990       2.7165    
   0.44533       2.7213    
   0.46081       2.7166    
   0.47632       2.6773    
   0.49188       1.7994    
   0.50747       1.4970    
   0.52309       1.4056    
   0.53875       1.3858    
   0.55443       1.3842    
   0.57013       1.3851    
   0.58586       1.3862    
   0.60161       1.3861    
   0.61738       1.3856    
   0.63317       1.3843    
   0.64898       1.3830    
   0.66480       1.3816    
   0.68064       1.3801    
   0.69649       1.3789    
   0.71235       1.3776    
   0.72822       1.3766    
   0.74409       1.3757    
   0.75997       1.3750    
   0.77584       1.3744    
   0.79170       1.3741    
   0.80754       1.3740    
   0.82333       1.3741    
   0.83906       1.3745    
   0.85470       1.3754    
   0.87017       1.3765    
   0.88542       1.3781    
   0.90035       1.3806    
   0.91487       1.3836    
   0.92885       1.3879    
   0.94207       1.3935    
   0.95438       1.4008    
   0.96571       1.4109    
   0.97612       1.4254    
   0.98568       1.4485    
   0.99449       1.4890    
    1.0000       1.6165    
    1.0001       1.7305    
    1.0057       1.5990    
    1.0120       1.5373    
    1.0191       1.4890    
    1.0271       1.4494    
    1.0362       1.4153    
    1.0465       1.3849    
    1.0582       1.3573    
    1.0713       1.3315    
    1.0862       1.3072    
    1.1031       1.2840    
    1.1221       1.2617    
    1.1437       1.2402    
    1.1680       1.2196    
    1.1956       1.1997    
    1.2268       1.1807    
    1.2620       1.1627    
    1.3019       1.1458    
    1.3470       1.1300    
    1.3980       1.1155    
    1.4556       1.1022    
    1.5209       1.0903    
    1.5946       1.0796    
    1.6780       1.0702    
    1.7724       1.0619    
    1.8791       1.0548    
    1.9997       1.0486    

